jornada,team1,p1,pd,p2,team2,league
1,/Alaves,39.223748622274556,26.60895773453807,34.16729364318738,/Betis,primera
1,/Atletico-Madrid,55.728710399447756,26.30650627602892,17.964783324523324,/Sevilla,primera
1,/Barcelona,88.014616347805,9.083709267498458,2.9016743846965287,/Elche,primera
1,/Eibar,39.67311216583441,27.53749016153602,32.78939767262956,/Celta,primera
1,/Cadiz,39.265024425684686,35.96807424615188,24.76690132816344,/Osasuna,primera
1,/Granada,44.6443811796995,27.889887074493423,27.465731745807076,/Athletic-Bilbao,primera
1,/Real-Madrid,64.47392077079746,22.64061976007498,12.885459469127557,/Getafe,primera
1,/Valencia-Cf,55.17374816799246,22.69652760087209,22.129724231135462,/Levante,primera
1,/Valladolid,27.405043682225873,30.976975650783356,41.617980666990775,/Real-Sociedad,primera
1,/Villarreal,75.02386704393199,14.372342729518312,10.603790226549691,/Huesca,primera
2,/Athletic-Bilbao,23.20072628119296,25.254439972029502,51.54483374677754,/Barcelona,primera
2,/Betis,50.34315714532354,28.72550589074596,20.9313369639305,/Valladolid,primera
2,/Celta,41.5684672854645,26.87578300148457,31.55574971305093,/Valencia-Cf,primera
2,/Getafe,52.18853044693091,27.810195447640872,20.001274105428212,/Osasuna,primera
2,/Granada,62.678691251551264,21.62792937061584,15.693379377832894,/Alaves,primera
2,/Huesca,37.434474963691834,32.852530935032625,29.712994101275548,/Cadiz,primera
2,/Levante,23.180096639816934,26.381714949828833,50.438188410354236,/Atletico-Madrid,primera
2,/Real-Sociedad,28.467309667217418,24.726326971020416,46.80636336176217,/Real-Madrid,primera
2,/Sevilla,71.83366177719631,19.859219947898875,8.307118274904813,/Elche,primera
2,/Villarreal,65.8542238410155,19.537712213159146,14.608063945825355,/Eibar,primera
3,/Alaves,29.91700397440446,31.57074056033995,38.512255465255585,/Getafe,primera
3,/Atletico-Madrid,63.48540608062705,22.66369068511458,13.850903234258372,/Granada,primera
3,/Barcelona,70.4753382482524,16.39826757906777,13.126394172679834,/Villarreal,primera
3,/Betis,19.620742630495666,21.844049925472643,58.53520744403169,/Real-Madrid,primera
3,/Eibar,34.714878845255626,30.135052976130705,35.15006817861367,/Athletic-Bilbao,primera
3,/Cadiz,26.97683421988039,36.27390600347,36.7492597766496,/Sevilla,primera
3,/Osasuna,42.721600571121776,25.001603900140594,32.27679552873764,/Levante,primera
3,/Valencia-Cf,66.4890469939505,18.597190087966244,14.913762918083261,/Huesca,primera
3,/Valladolid,31.080532883082924,32.97757085600864,35.94189626090844,/Celta,primera
3,/Elche,20.623686562807187,28.29619636597655,51.08011707121627,/Real-Sociedad,primera
4,/Athletic-Bilbao,43.950547749889715,37.716467641210386,18.332984608899892,/Cadiz,primera
4,/Celta,20.062878520023574,21.83294230068861,58.104179179287804,/Barcelona,primera
4,/Eibar,56.730330272431175,27.45835149125414,15.811318236314687,/Elche,primera
4,/Getafe,52.083432840679514,26.75568042655452,21.16088673276597,/Betis,primera
4,/Granada,57.92219800578634,22.6637793954207,19.414022598792958,/Osasuna,primera
4,/Huesca,16.486406133816786,22.483227412319177,61.03036645386404,/Atletico-Madrid,primera
4,/Real-Madrid,75.31136000518718,17.822813487378465,6.865826507434358,/Valladolid,primera
4,/Real-Sociedad,48.223111554157924,24.904251419234257,26.872637026607816,/Valencia-Cf,primera
4,/Sevilla,61.310111436263604,20.95784794703779,17.732040616698608,/Levante,primera
4,/Villarreal,71.11921149963733,17.60412507427354,11.27666342608913,/Alaves,primera
5,/Alaves,29.43393639132793,30.4212415137723,40.144822094899766,/Athletic-Bilbao,primera
5,/Atletico-Madrid,57.75235434924885,24.175725714536924,18.071919936214233,/Villarreal,primera
5,/Barcelona,68.39721980478093,18.103229191362384,13.499551003856691,/Sevilla,primera
5,/Cadiz,32.38344755125064,35.37229567081032,32.24425677793905,/Granada,primera
5,/Osasuna,39.5352229226042,27.183704514544022,33.281072562851776,/Celta,primera
5,/Real-Sociedad,46.8498025683944,28.32098657297279,24.829210858632813,/Getafe,primera
5,/Valencia-Cf,57.9601453671719,22.34626209623191,19.693592536596192,/Betis,primera
5,/Valladolid,35.936216535212715,33.13666127754779,30.927122187239497,/Eibar,primera
5,/Elche,34.20639563652605,28.876096429185573,36.91750793428839,/Huesca,primera
5,/Levante,22.082160346206265,22.216427050799684,55.70141260299405,/Real-Madrid,primera
6,/Alaves,50.641226645742066,30.134111805356962,19.22466154890097,/Elche,primera
6,/Athletic-Bilbao,51.5934416272588,25.646097280244035,22.760461092497163,/Levante,primera
6,/Betis,36.88331773196741,24.915407126253754,38.201275141778844,/Real-Sociedad,primera
6,/Celta,24.227488292184965,29.216563650935807,46.555948056879224,/Atletico-Madrid,primera
6,/Eibar,46.441176899223265,26.497265610515758,27.06155749026098,/Osasuna,primera
6,/Getafe,22.33705353848486,25.922281100260125,51.74066536125501,/Barcelona,primera
6,/Granada,39.98856936883342,25.933985347371507,34.077445283795086,/Sevilla,primera
6,/Huesca,45.928558672741545,28.394114039483608,25.677327287774844,/Valladolid,primera
6,/Real-Madrid,65.18519086491247,25.168179802847586,9.646629332239943,/Cadiz,primera
6,/Villarreal,54.832899496501994,22.717278194123285,22.449822309374724,/Valencia-Cf,primera
7,/Barcelona,53.816480048348566,22.325708277734474,23.857811673916963,/Real-Madrid,primera
7,/Atletico-Madrid,71.61239925437951,18.71323541060045,9.674365335020042,/Betis,primera
7,/Getafe,43.64440418400494,28.90686777449317,27.44872804150189,/Granada,primera
7,/Cadiz,27.659432477397317,33.66124512296691,38.67932239963577,/Villarreal,primera
7,/Levante,45.777822119966274,24.862847449198807,29.359330430834916,/Celta,primera
7,/Osasuna,34.589178220283124,29.71510510427795,35.69571667543892,/Athletic-Bilbao,primera
7,/Real-Sociedad,68.40137060274854,17.4798901077313,14.118739289520155,/Huesca,primera
7,/Sevilla,63.07247393618166,21.71041141940533,15.21711464441301,/Eibar,primera
7,/Valladolid,40.487583455039314,33.24543586312082,26.26698068183988,/Alaves,primera
7,/Elche,21.099975204097056,29.534497338404687,49.36552745749826,/Valencia-Cf,primera
8,/Alaves,12.066626652366173,17.889031172427224,70.04434217520661,/Barcelona,primera
8,/Athletic-Bilbao,38.19793549555188,29.541222101167385,32.26084240328073,/Sevilla,primera
8,/Betis,60.107756546185776,24.863726488787965,15.028516965026261,/Elche,primera
8,/Celta,41.229947538581925,26.151987216483953,32.61806524493412,/Real-Sociedad,primera
8,/Eibar,38.71097907290002,36.528308699595854,24.760712227504122,/Cadiz,primera
8,/Granada,54.679812586042566,22.250245489733338,23.06994192422409,/Levante,primera
8,/Osasuna,19.700830956019793,27.25450653146755,53.04466251251265,/Atletico-Madrid,primera
8,/Real-Madrid,85.02186908032945,9.831227011597752,5.146903908072797,/Huesca,primera
8,/Valencia-Cf,45.26793319856336,29.427248781166526,25.304818020270115,/Getafe,primera
8,/Villarreal,65.82139195959044,22.240857417984234,11.937750622425325,/Valladolid,primera
9,/Atletico-Madrid,57.87056227320391,31.79033368837294,10.339104038423152,/Cadiz,primera
9,/Barcelona,83.85182542945529,10.422203885776646,5.725970684768056,/Betis,primera
9,/Getafe,37.545344770775394,28.487397733653587,33.967257495571026,/Villarreal,primera
9,/Huesca,42.749343395048115,24.558804680750825,32.69185192420105,/Eibar,primera
9,/Levante,58.32805297830731,22.533651444436057,19.138295577256635,/Alaves,primera
9,/Real-Sociedad,50.21009215805585,23.885235236944027,25.904672605000123,/Granada,primera
9,/Sevilla,63.92735228583726,21.155287768177853,14.917359945984888,/Osasuna,primera
9,/Valencia-Cf,27.571234652446506,25.35787881030176,47.07088653725173,/Real-Madrid,primera
9,/Valladolid,27.08798437384239,35.72206769280912,37.18994793334849,/Athletic-Bilbao,primera
9,/Elche,24.155687126194685,31.108407922590803,44.73590495121451,/Celta,primera
10,/Atletico-Madrid,40.080625282169656,27.593782378903303,32.325592338927045,/Barcelona,primera
10,/Alaves,29.704832775109423,27.350513535763284,42.9446536891273,/Valencia-Cf,primera
10,/Athletic-Bilbao,54.13400032374658,25.44638645853366,20.419613217719768,/Betis,primera
10,/Eibar,35.12358282156469,31.15076685743501,33.7256503210003,/Getafe,primera
10,/Cadiz,30.878642941141628,35.35751310197691,33.76384395688146,/Real-Sociedad,primera
10,/Granada,57.80405070818695,26.399950193394222,15.795999098418822,/Valladolid,primera
10,/Levante,63.90577612179407,22.842995259690735,13.2512286185152,/Elche,primera
10,/Osasuna,53.9273315200788,22.491589124134766,23.58107935578644,/Huesca,primera
10,/Sevilla,56.94150704832266,23.766591188200923,19.291901763476417,/Celta,primera
10,/Villarreal,33.74821821914188,24.425904859485247,41.825876921372874,/Real-Madrid,primera
11,/Barcelona,83.47128366586684,10.936465726378291,5.592250607754878,/Osasuna,primera
11,/Betis,48.43994175588752,25.05455806834235,26.505500175770138,/Eibar,primera
11,/Getafe,40.17669686904511,33.24874591744422,26.574557213510673,/Athletic-Bilbao,primera
11,/Huesca,26.010220969581134,23.073275844798342,50.916503185620535,/Sevilla,primera
11,/Real-Madrid,80.96899532464481,13.055220356162101,5.975784319193089,/Alaves,primera
11,/Real-Sociedad,42.93462872293697,24.087354882332743,32.97801639473029,/Villarreal,primera
11,/Valencia-Cf,27.85997224284007,29.553722047831478,42.58630570932846,/Atletico-Madrid,primera
11,/Valladolid,33.68294418684681,30.473433818349267,35.84362199480392,/Levante,primera
11,/Elche,24.52551603477304,43.227043503815594,32.24744046141137,/Cadiz,primera
11,/Celta,43.33952855209006,25.945937321297265,30.71453412661267,/Granada,primera
12,/Alaves,29.16396201981381,26.41183773006989,44.4242002501163,/Real-Sociedad,primera
12,/Athletic-Bilbao,47.65817802061335,28.452116934457393,23.889705044929254,/Celta,primera
12,/Atletico-Madrid,68.149454379827,23.871185708767143,7.979359911405859,/Valladolid,primera
12,/Eibar,35.403478961899495,27.23648925862097,37.36003177947953,/Valencia-Cf,primera
12,/Cadiz,16.40582248787776,28.91022190716943,54.68395560495281,/Barcelona,primera
12,/Granada,66.23207442500832,18.27116160473278,15.496763970258897,/Huesca,primera
12,/Levante,40.60344784995671,28.384260893899498,31.012291256143797,/Getafe,primera
12,/Osasuna,45.6864653000981,25.19032668601881,29.123208013883083,/Betis,primera
12,/Sevilla,32.81427164683511,26.16168208746631,41.02404626569858,/Real-Madrid,primera
12,/Villarreal,75.0100362596413,17.244860906669874,7.745102833688822,/Elche,primera
13,/Real-Madrid,45.612267107634644,28.540592816627385,25.84714007573796,/Atletico-Madrid,primera
13,/Barcelona,82.12329677049165,11.178334262340545,6.6983689671678,/Levante,primera
13,/Betis,31.84248161022405,23.70663270974038,44.45088568003557,/Villarreal,primera
13,/Celta,43.73395175756241,35.20027718614016,21.065771056297432,/Cadiz,primera
13,/Getafe,36.65422619388232,30.593970808290905,32.75180299782677,/Sevilla,primera
13,/Huesca,48.96783430742105,24.175259990591044,26.85690570198791,/Alaves,primera
13,/Real-Sociedad,59.221875941542436,22.50913605336606,18.2689880050915,/Eibar,primera
13,/Valencia-Cf,45.06603394986167,28.602803557613715,26.331162492524605,/Athletic-Bilbao,primera
13,/Valladolid,36.516207796593015,32.65110653084468,30.83268567256231,/Osasuna,primera
13,/Elche,21.99153814102815,28.82011535123527,49.18834650773658,/Granada,primera
14,/Athletic-Bilbao,62.31229123619355,21.67066966682616,16.01703909698029,/Huesca,primera
14,/Atletico-Madrid,76.35334391102838,18.397772462513448,5.248883626458167,/Elche,primera
14,/Barcelona,74.15606857957478,15.600886479511388,10.243044940913837,/Valencia-Cf,primera
14,/Celta,57.67046852887931,24.230159119042447,18.099372352078234,/Alaves,primera
14,/Eibar,18.896622470908316,23.115188473176723,57.988189055914965,/Real-Madrid,primera
14,/Cadiz,29.613345819346204,41.724417636893676,28.662236543760123,/Getafe,primera
14,/Granada,57.57986661417911,21.911627158242883,20.508506227578003,/Betis,primera
14,/Levante,40.56064344147258,24.3140241097882,35.12533244873922,/Real-Sociedad,primera
14,/Osasuna,29.986141767454978,24.638249456484385,45.37560877606064,/Villarreal,primera
14,/Sevilla,62.72430651083384,24.89932777069718,12.376365718468985,/Valladolid,primera
15,/Alaves,39.427964020274054,28.21122661561925,32.3608093641067,/Eibar,primera
15,/Betis,41.326239484378235,34.05363529875282,24.62012521686894,/Cadiz,primera
15,/Getafe,45.77145201473706,29.721145401578998,24.507402583683945,/Celta,primera
15,/Huesca,38.9874218153939,22.867863403427314,38.14471478117878,/Levante,primera
15,/Real-Madrid,69.88148642042063,17.884920496722323,12.233593082857052,/Granada,primera
15,/Real-Sociedad,28.799917881098935,28.75378913542481,42.446292983476255,/Atletico-Madrid,primera
15,/Valencia-Cf,40.69194238844562,26.651488868283806,32.656568743270576,/Sevilla,primera
15,/Valladolid,12.690617192284792,22.436514149739274,64.87286865797593,/Barcelona,primera
15,/Villarreal,52.85654831960588,25.244912299423472,21.89853938097065,/Athletic-Bilbao,primera
15,/Elche,29.049228493943897,31.78135861922966,39.16941288682645,/Osasuna,primera
16,/Athletic-Bilbao,43.45308777096227,28.081063649949982,28.465848579087737,/Real-Sociedad,primera
16,/Atletico-Madrid,57.8428899948032,28.21667521211252,13.940434793084277,/Getafe,primera
16,/Barcelona,82.71346663206008,11.450394900536327,5.836138467403595,/Eibar,primera
16,/Celta,60.998501723793744,20.7109509483611,18.290547327845164,/Huesca,primera
16,/Cadiz,38.218767998030316,42.634319635839,19.146912366130685,/Valladolid,primera
16,/Granada,46.059415851912675,25.246613829158264,28.69397031892906,/Valencia-Cf,primera
16,/Levante,52.56334593545509,22.519092687320857,24.91756137722405,/Betis,primera
16,/Osasuna,51.30648924497754,25.919272332293158,22.774238422729297,/Alaves,primera
16,/Sevilla,47.6973101968496,24.24692165881488,28.055768144335524,/Villarreal,primera
16,/Elche,10.42315388189904,21.656354230806087,67.92049188729487,/Real-Madrid,primera
17,/Betis,31.697545076267573,25.460483250421976,42.841971673310454,/Sevilla,primera
17,/Alaves,16.263454768814796,26.52013742190036,57.21640780928485,/Atletico-Madrid,primera
17,/Athletic-Bilbao,62.30624616371625,26.495848881537643,11.197904954746107,/Elche,primera
17,/Eibar,36.938717507729855,26.43858812077746,36.622694371492685,/Granada,primera
17,/Getafe,51.17531051875144,32.80763187576529,16.017057605483267,/Valladolid,primera
17,/Huesca,11.433302762166129,14.715859009907541,73.85083822792633,/Barcelona,primera
17,/Real-Madrid,71.54590481110299,17.710969780975216,10.743125407921795,/Celta,primera
17,/Real-Sociedad,60.05271677525003,21.993650877106443,17.953632347643524,/Osasuna,primera
17,/Valencia-Cf,48.013629021134854,33.42999561188075,18.5563753669844,/Cadiz,primera
17,/Villarreal,63.90048710382214,19.010073394265685,17.089439501912185,/Levante,primera
18,/Atletico-Madrid,58.17610933335975,27.390375875063317,14.433514791576929,/Athletic-Bilbao,primera
18,/Celta,36.428017032204146,25.36808096272371,38.203902005072145,/Villarreal,primera
18,/Cadiz,42.72121235842327,36.23155820174487,21.04722943983186,/Alaves,primera
18,/Granada,22.796140422076753,21.719809689195568,55.48404988872768,/Barcelona,primera
18,/Huesca,42.318866901134825,23.24491523059545,34.43621786826972,/Betis,primera
18,/Levante,52.41413128103595,23.750664081893017,23.83520463707104,/Eibar,primera
18,/Osasuna,18.588048791691623,22.600707601908862,58.81124360639951,/Real-Madrid,primera
18,/Sevilla,52.45202097938558,24.09839752051606,23.44958150009836,/Real-Sociedad,primera
18,/Valladolid,27.746119206918696,32.08207986896785,40.171800924113455,/Valencia-Cf,primera
18,/Elche,21.49089736529053,34.80398657394827,43.7051160607612,/Getafe,primera
19,/Alaves,24.902356266669646,26.476900186173058,48.620743547157296,/Sevilla,primera
19,/Barcelona,74.41067970269802,15.168803060514682,10.420517236787308,/Real-Sociedad,primera
19,/Betis,41.98196841020812,25.817642062492606,32.200389527299265,/Celta,primera
19,/Eibar,19.930354531390122,27.816781110437518,52.25286435817236,/Atletico-Madrid,primera
19,/Getafe,60.120526265425454,23.03559279127845,16.843880943296096,/Huesca,primera
19,/Cadiz,37.15613777749531,33.95189634198544,28.891965880519255,/Levante,primera
19,/Real-Madrid,64.70744700508236,22.002091796766308,13.290461198151327,/Athletic-Bilbao,primera
19,/Valencia-Cf,58.209292603167775,23.134523761241766,18.656183635590462,/Osasuna,primera
19,/Valladolid,44.852570504873874,36.325147255518594,18.822282239607535,/Elche,primera
19,/Villarreal,56.98268310325415,21.608744727218138,21.408572169527716,/Granada,primera
20,/Alaves,15.015162469405494,21.522561187476594,63.46227634311792,/Real-Madrid,primera
20,/Elche,8.266525980833396,17.508031047962337,74.22544297120426,/Barcelona,primera
20,/Athletic-Bilbao,41.99030094859137,32.927864411705414,25.081834639703217,/Getafe,primera
20,/Sevilla,52.655212331296674,31.74548177973869,15.599305888964633,/Cadiz,primera
20,/Atletico-Madrid,61.25553328159402,24.13338687921465,14.611079839191321,/Valencia-Cf,primera
20,/Celta,52.17678841198531,25.463402185738975,22.359809402275708,/Eibar,primera
20,/Real-Sociedad,59.79411140728039,21.265935860669046,18.939952732050557,/Betis,primera
20,/Huesca,25.707319088715693,21.343002199715215,52.94967871156909,/Villarreal,primera
20,/Osasuna,36.74093430697333,26.083535427997546,37.17553026502913,/Granada,primera
20,/Levante,54.04287694560386,27.046490700937248,18.91063235345889,/Valladolid,primera
21,/Barcelona,71.18249937826093,18.148006134713306,10.669494487025766,/Athletic-Bilbao,primera
21,/Betis,49.16516787485618,24.618954638105553,26.215877487038263,/Osasuna,primera
21,/Eibar,30.09208723787282,26.932895262836727,42.975017499290445,/Sevilla,primera
21,/Getafe,56.322067700635145,27.129604988794615,16.548327310570233,/Alaves,primera
21,/Cadiz,18.466754113100112,38.71899658056095,42.81424930633894,/Atletico-Madrid,primera
21,/Granada,50.66725825714279,24.73932149086607,24.593420251991137,/Celta,primera
21,/Real-Madrid,76.0994421379592,14.692706149561172,9.20785171247963,/Levante,primera
21,/Valencia-Cf,67.14782676161484,22.33055546425808,10.52161777412708,/Elche,primera
21,/Valladolid,42.83327125365236,28.919581519352167,28.247147226995473,/Huesca,primera
21,/Villarreal,54.67864778496039,22.193123244252078,23.128228970787536,/Real-Sociedad,primera
22,/Alaves,41.598870219707045,33.0486994751489,25.352430305144047,/Valladolid,primera
22,/Athletic-Bilbao,43.60300219488201,28.851375929552365,27.54562187556562,/Valencia-Cf,primera
22,/Atletico-Madrid,64.96978620227716,22.7580743850793,12.272139412643535,/Celta,primera
22,/Betis,16.056498596869297,18.65167730064183,65.29182410248887,/Barcelona,primera
22,/Huesca,14.76645831547543,18.10750533373772,67.12603635078685,/Real-Madrid,primera
22,/Levante,42.80284453727389,24.166779905510783,33.03037555721533,/Granada,primera
22,/Osasuna,45.67491904694243,26.624959624451954,27.70012132860562,/Eibar,primera
22,/Real-Sociedad,49.76487066418786,32.01895345001732,18.216175885794815,/Cadiz,primera
22,/Sevilla,50.55517073669752,28.22760727384457,21.21722198945791,/Getafe,primera
22,/Elche,17.31250468130058,25.446421833631806,57.241073485067616,/Villarreal,primera
23,/Barcelona,86.28969088756797,9.505604430846297,4.204704681585736,/Alaves,primera
23,/Celta,62.47143226692702,24.869176197619876,12.659391535453102,/Elche,primera
23,/Eibar,47.35752251471516,31.138873966774234,21.503603518510616,/Valladolid,primera
23,/Getafe,41.72091789946824,29.192136481220672,29.086945619311088,/Real-Sociedad,primera
23,/Cadiz,29.59958659846113,40.39218710657855,30.008226294960316,/Athletic-Bilbao,primera
23,/Granada,27.15226434969329,28.45067989598098,44.397055754325734,/Atletico-Madrid,primera
23,/Levante,53.183518761222444,23.298795414569547,23.517685824208012,/Osasuna,primera
23,/Real-Madrid,67.63476447896697,19.241345395124725,13.12389012590831,/Valencia-Cf,primera
23,/Sevilla,72.23014332715107,16.333138679329657,11.436717993519284,/Huesca,primera
23,/Villarreal,66.61358477683541,18.389090708807938,14.997324514356647,/Betis,primera
24,/Athletic-Bilbao,39.107105699743514,27.52128834989594,33.371605950360546,/Villarreal,primera
24,/Atletico-Madrid,69.66510871052375,19.370878103189163,10.964013186287092,/Levante,primera
24,/Barcelona,71.50639275322895,20.630399442184004,7.863207804587047,/Cadiz,primera
24,/Betis,37.23287745964811,29.248994529593634,33.518128010758254,/Getafe,primera
24,/Huesca,32.91132787049034,23.37470901631617,43.713963113193486,/Granada,primera
24,/Osasuna,29.856621302314355,26.512848628186305,43.63053006949934,/Sevilla,primera
24,/Real-Sociedad,64.69820789999021,20.852715334895656,14.449076765114132,/Alaves,primera
24,/Valencia-Cf,51.112455756814235,25.295710280432765,23.591833962752993,/Celta,primera
24,/Valladolid,15.16442102004568,26.37548689033452,58.4600920896198,/Real-Madrid,primera
24,/Elche,28.605888280130635,32.201547436847235,39.19256428302212,/Eibar,primera
25,/Alaves,40.034124409939146,27.79654023761574,32.1693353524451,/Osasuna,primera
25,/Celta,53.03985586755559,29.20229524393258,17.75784888851184,/Valladolid,primera
25,/Eibar,53.99098296769361,22.737525104951946,23.271491927354436,/Huesca,primera
25,/Getafe,41.856803893666836,30.011988384569687,28.131207721763474,/Valencia-Cf,primera
25,/Cadiz,39.18810269219532,34.43605315935868,26.375844148446003,/Betis,primera
25,/Granada,67.35556865874447,21.7636530116463,10.880778329609232,/Elche,primera
25,/Levante,40.16217044731557,27.54518710109975,32.29264245158468,/Athletic-Bilbao,primera
25,/Real-Madrid,67.84802530172527,18.737076248144884,13.414898450129842,/Real-Sociedad,primera
25,/Sevilla,29.073528834021715,24.046584340915516,46.87988682506277,/Barcelona,primera
25,/Villarreal,33.68472629642403,28.11046434048678,38.20480936308919,/Atletico-Madrid,primera
26,/Atletico-Madrid,42.99016388296609,28.986192200146537,28.023643916887377,/Real-Madrid,primera
26,/Athletic-Bilbao,45.44531293042539,27.754912684026095,26.799774385548524,/Granada,primera
26,/Betis,54.30862887291787,24.136361450926834,21.55500967615529,/Alaves,primera
26,/Cadiz,38.609263843175434,36.54689574616939,24.843840410655172,/Eibar,primera
26,/Huesca,36.16668558001042,24.640937991764716,39.19237642822486,/Celta,primera
26,/Osasuna,15.262944764494216,19.261826311864468,65.47522892364131,/Barcelona,primera
26,/Real-Sociedad,56.957740428827606,21.68306758782748,21.359191983344918,/Levante,primera
26,/Valencia-Cf,41.51579459336333,24.874096141925893,33.61010926471077,/Villarreal,primera
26,/Valladolid,27.347973439984568,37.054882303681026,35.5971442563344,/Getafe,primera
26,/Elche,17.552285874282422,27.94506865731863,54.502645468398946,/Sevilla,primera
27,/Sevilla,63.90120087101947,20.420202068707326,15.678597060273203,/Betis,primera
27,/Levante,41.03782150165431,24.9852701783236,33.97690832002209,/Valencia-Cf,primera
27,/Alaves,33.74849441278003,37.876951475421386,28.374554111798588,/Cadiz,primera
27,/Barcelona,89.83116915023804,6.783285801376426,3.38554504838553,/Huesca,primera
27,/Celta,40.36658545594662,29.6934349968018,29.939979547251582,/Athletic-Bilbao,primera
27,/Eibar,30.266783374044447,25.0319289329846,44.70128769297095,/Villarreal,primera
27,/Getafe,25.292694563600886,33.73937435911241,40.9679310772867,/Atletico-Madrid,primera
27,/Granada,45.75161934297035,24.613416100872147,29.634964556157506,/Real-Sociedad,primera
27,/Osasuna,47.4378278627013,30.748216898821116,21.81395523847758,/Valladolid,primera
27,/Real-Madrid,83.08763771732578,12.755198633349682,4.157163649324536,/Elche,primera
28,/Athletic-Bilbao,53.455147660455836,26.982094801995988,19.56275753754817,/Eibar,primera
28,/Atletico-Madrid,74.42240513635203,18.155362083981736,7.422232779666227,/Alaves,primera
28,/Betis,45.346773244392516,23.68583369044058,30.967393065166902,/Levante,primera
28,/Celta,23.6011137120462,24.776236543498705,51.622649744455096,/Real-Madrid,primera
28,/Getafe,60.02122510631692,28.284515942669625,11.69425895101346,/Elche,primera
28,/Huesca,43.394652570391365,24.19461469462112,32.41073273498751,/Osasuna,primera
28,/Real-Sociedad,24.596846980239004,22.25789421752399,53.145258802237,/Barcelona,primera
28,/Valencia-Cf,48.57651978323856,24.832648296758226,26.59083192000322,/Granada,primera
28,/Valladolid,23.643538184873456,31.260289604581175,45.09617221054536,/Sevilla,primera
28,/Villarreal,55.60820464229745,28.87743298529954,15.514362372403001,/Cadiz,primera
29,/Real-Sociedad,46.62946425632991,27.54594223923273,25.824593504437352,/Athletic-Bilbao,primera
29,/Alaves,33.70174671005343,28.150985937338653,38.14726735260792,/Celta,primera
29,/Barcelona,81.14522964597195,13.677493748699055,5.177276605328995,/Valladolid,primera
29,/Cadiz,30.977553331388542,36.48212283465263,32.54032383395883,/Valencia-Cf,primera
29,/Granada,40.69547409606397,24.220587302746964,35.08393860118907,/Villarreal,primera
29,/Levante,61.353573886083346,19.359460470195007,19.286965643721643,/Huesca,primera
29,/Osasuna,35.0259230427136,30.72105506484316,34.253021892443236,/Getafe,primera
29,/Real-Madrid,76.88210648407835,15.124961283215683,7.992932232705963,/Eibar,primera
29,/Sevilla,32.51375432934278,30.183119859663794,37.30312581099342,/Atletico-Madrid,primera
29,/Elche,28.278094200234115,30.07685729110852,41.645048508657354,/Betis,primera
30,/Real-Madrid,43.93389173702638,23.92148523687752,32.144623026096106,/Barcelona,primera
30,/Athletic-Bilbao,58.489234382196166,25.615891761203585,15.894873856600245,/Alaves,primera
30,/Betis,20.83409461336313,26.230571803710784,52.93533358292608,/Atletico-Madrid,primera
30,/Celta,35.88594469823529,27.200616024786356,36.91343927697835,/Sevilla,primera
30,/Eibar,42.8833348030856,25.307661689332434,31.809003507581956,/Levante,primera
30,/Getafe,42.02945449880436,39.375896637754494,18.594648863441144,/Cadiz,primera
30,/Huesca,55.993579824395354,25.272791780262967,18.733628395341672,/Elche,primera
30,/Valencia-Cf,46.39473375843755,25.20501152028568,28.400254721276763,/Real-Sociedad,primera
30,/Valladolid,28.964597510026685,31.20903911221421,39.82636337775911,/Granada,primera
30,/Villarreal,66.71278681546666,19.008702895149405,14.278510289383938,/Osasuna,primera
31,/Alaves,24.798609300563008,24.451758031176237,50.74963266826076,/Villarreal,primera
31,/Atletico-Madrid,79.0585533820298,14.15750512594264,6.783941492027557,/Huesca,primera
31,/Barcelona,70.9181382191314,18.691256259326007,10.390605521542595,/Getafe,primera
31,/Betis,36.75659585774866,28.328110310049293,34.915293832202046,/Athletic-Bilbao,primera
31,/Cadiz,18.632886475305483,32.704404461649986,48.66270906304453,/Real-Madrid,primera
31,/Granada,57.10695457491205,23.166013377423127,19.727032047664828,/Eibar,primera
31,/Levante,35.019399412225674,25.121979523995762,39.85862106377856,/Sevilla,primera
31,/Osasuna,35.21250109821465,26.859578730547756,37.92792017123758,/Valencia-Cf,primera
31,/Real-Sociedad,52.81698395992004,24.250606640767298,22.932409399312657,/Celta,primera
31,/Elche,30.615176763169753,38.94510289495702,30.439720341873233,/Valladolid,primera
32,/Athletic-Bilbao,26.364572360484008,32.74225617136424,40.89317146815175,/Atletico-Madrid,primera
32,/Celta,52.95058060272066,24.968182184089073,22.081237213190263,/Osasuna,primera
32,/Eibar,34.93926352211656,26.416530136391614,38.644206341491824,/Real-Sociedad,primera
32,/Huesca,32.22846058787858,27.533877337462336,40.237662074659085,/Getafe,primera
32,/Real-Madrid,78.07618329828547,13.935485529190839,7.988331172523688,/Betis,primera
32,/Sevilla,54.63955569147417,23.544812623866367,21.815631684659454,/Granada,primera
32,/Valencia-Cf,62.79387340145911,22.091256730168542,15.114869868372349,/Alaves,primera
32,/Valladolid,29.7360153286024,44.282547672620225,25.981436998777376,/Cadiz,primera
32,/Villarreal,29.641610117620232,22.44702858943545,47.91136129294431,/Barcelona,primera
32,/Elche,25.986814728099294,28.88236086683757,45.13082440506313,/Levante,primera
33,/Alaves,46.86275136044873,24.51950418868927,28.61774445086199,/Huesca,primera
33,/Athletic-Bilbao,53.30736542879878,31.12744817155492,15.565186399646302,/Valladolid,primera
33,/Atletico-Madrid,70.24991829964834,20.21438029216999,9.535701408181673,/Eibar,primera
33,/Barcelona,76.34147626785665,14.284000999907184,9.374522732236157,/Granada,primera
33,/Betis,37.40218333913995,25.657142712115856,36.9406739487442,/Valencia-Cf,primera
33,/Getafe,25.40424927185186,28.839975401068312,45.75577532707983,/Real-Madrid,primera
33,/Cadiz,34.05246602407514,36.959194453971506,28.988339521953353,/Celta,primera
33,/Levante,35.32839589482488,23.447234336500728,41.22436976867439,/Villarreal,primera
33,/Osasuna,56.8912566945612,27.102508599390635,16.00623470604816,/Elche,primera
33,/Real-Sociedad,42.09000997176874,25.796356821733397,32.11363320649787,/Sevilla,primera
34,/Celta,49.686866435246635,24.222776290936896,26.090357273816466,/Levante,primera
34,/Eibar,51.3012989710523,26.22811843773814,22.470582591209553,/Alaves,primera
34,/Granada,48.0556757093032,32.588418715830464,19.355905574866327,/Cadiz,primera
34,/Huesca,30.809815983929123,23.14866421065487,46.04151980541601,/Real-Sociedad,primera
34,/Real-Madrid,77.71334197837112,14.557515818180967,7.729142203447914,/Osasuna,primera
34,/Sevilla,50.493827533174,27.463755169807442,22.042417297018567,/Athletic-Bilbao,primera
34,/Valencia-Cf,23.859050777854023,22.781489664713884,53.35945955743209,/Barcelona,primera
34,/Valladolid,36.02824285237513,31.174140513632448,32.79761663399242,/Betis,primera
34,/Villarreal,52.99132202196952,25.91439655358624,21.09428142444424,/Getafe,primera
34,/Elche,11.479710897605228,27.563421979583758,60.95686712281101,/Atletico-Madrid,primera
35,/Barcelona,51.60428584081084,25.678754988726176,22.716959170462992,/Atletico-Madrid,primera
35,/Alaves,36.36994500834294,26.07313114969153,37.55692384196553,/Levante,primera
35,/Athletic-Bilbao,54.255282956403846,26.424530355839703,19.320186687756447,/Osasuna,primera
35,/Betis,39.02545476700487,24.89165773154943,36.082887501445704,/Granada,primera
35,/Getafe,51.40321115279532,28.374710156219397,20.222078690985278,/Eibar,primera
35,/Cadiz,46.024454066364676,31.348827184048346,22.62671874958697,/Huesca,primera
35,/Real-Madrid,61.73258811547804,21.56776486260028,16.69964702192168,/Sevilla,primera
35,/Real-Sociedad,69.11298775212754,20.87911291154447,10.007899336327986,/Elche,primera
35,/Valencia-Cf,57.75398753039741,27.047229069208516,15.198783400394067,/Valladolid,primera
35,/Villarreal,59.475005263678106,21.683814921337472,18.84117981498442,/Celta,primera
36,/Atletico-Madrid,61.54247095302148,23.472958026318818,14.98457102065971,/Real-Sociedad,primera
36,/Celta,40.654231574927486,30.601662113356703,28.74410631171581,/Getafe,primera
36,/Eibar,45.800499943669976,25.489485274933543,28.710014781396474,/Betis,primera
36,/Granada,26.627533627349127,24.349233867012245,49.023232505638624,/Real-Madrid,primera
36,/Huesca,31.545872713095253,26.553259651834736,41.900867635070014,/Athletic-Bilbao,primera
36,/Levante,18.284181892278482,19.242259444265283,62.47355866345623,/Barcelona,primera
36,/Osasuna,38.78155336645756,36.05599141032283,25.162455223219602,/Cadiz,primera
36,/Sevilla,52.54899277012005,24.698139340834313,22.752867889045636,/Valencia-Cf,primera
36,/Valladolid,23.810689905792803,28.848723868894815,47.340586225312386,/Villarreal,primera
36,/Elche,32.979835421346316,33.19829485221499,33.82186972643869,/Alaves,primera
37,/Alaves,30.993123926094167,26.64900042814852,42.35787564575732,/Granada,primera
37,/Athletic-Bilbao,26.43040325136909,28.039632595508486,45.52996415312243,/Real-Madrid,primera
37,/Atletico-Madrid,71.12968072507402,19.56922366432139,9.301095610604582,/Osasuna,primera
37,/Barcelona,77.83404638554742,13.986637569316136,8.179316045136442,/Celta,primera
37,/Betis,57.029847306139544,20.897829797868766,22.072322895991682,/Huesca,primera
37,/Villarreal,48.42121433357272,24.128681926844088,27.450103739583188,/Sevilla,primera
37,/Getafe,49.61282561201853,26.871655010248308,23.515519377733163,/Levante,primera
37,/Valencia-Cf,57.38900332600417,23.65600377155042,18.9549929024454,/Eibar,primera
37,/Real-Sociedad,59.65144356658669,25.65295649757799,14.695599935835313,/Valladolid,primera
37,/Cadiz,45.76836761021447,39.200850133839886,15.03078225594564,/Elche,primera
38,/Celta,52.541013501088806,24.087521889052482,23.371464609858705,/Betis,primera
38,/Eibar,15.601700582022573,19.777793367886893,64.62050605009053,/Barcelona,primera
38,/Granada,44.914457092815944,28.690938795628018,26.39460411155603,/Getafe,primera
38,/Huesca,31.520083860057095,23.953382712950088,44.52653342699282,/Valencia-Cf,primera
38,/Levante,44.61977607646412,32.63014272265895,22.750081200876913,/Cadiz,primera
38,/Osasuna,34.72292128025339,26.047007094777335,39.23007162496928,/Real-Sociedad,primera
38,/Real-Madrid,63.70255803316274,19.752462666587387,16.544979300249874,/Villarreal,primera
38,/Sevilla,68.18530738265507,19.866313740932608,11.948378876412324,/Alaves,primera
38,/Valladolid,15.815518788044105,32.13550596355988,52.04897524839601,/Atletico-Madrid,primera
38,/Elche,21.083827711223293,33.31526000959616,45.60091227918055,/Athletic-Bilbao,primera
1,/Espanyol,52.49832941817715,25.792481305849012,21.709189275973838,/Albacete,segunda
1,/Fuenlabrada,48.32582303675436,29.574573004457864,22.09960395878778,/Lugo,segunda
1,/Leganes,51.0249106800068,32.25576423257045,16.719325087422753,/Ud-Palmas,segunda
1,/Mallorca,49.49554315593839,26.00563662822843,24.498820215833184,/Rayo-Vallecano,segunda
1,/Mirandes,37.19605523365748,24.7493534828875,38.05459128345502,/Ad-Alcorcon,segunda
1,/Ponferradina-Sd,65.4557692824986,21.72858617403288,12.815644543468519,/Cd-Castellon,segunda
1,/Real-Oviedo,80.38729196603168,11.830098290007008,7.782609743961311,/Cartagena,segunda
1,/Real-Zaragoza,36.55288419553066,25.967738444336664,37.47937736013267,/Girona-Fc,segunda
1,/Sabadell,19.464346870339856,32.13985024455966,48.39580288510048,/Almeria,segunda
1,/Sporting-Gijon,52.438536271505285,30.06433279434991,17.4971309341448,/Ud-Logrones,segunda
1,/Tenerife,30.765091128380618,39.06392380901024,30.170985062609134,/Malaga,segunda
2,/Albacete,43.66059875894529,29.022072589735977,27.31732865131873,/Ponferradina-Sd,segunda
2,/Ad-Alcorcon,42.37446169256888,28.768515070583078,28.857023236848043,/Tenerife,segunda
2,/Almeria,59.588258573704586,21.092564310230763,19.319177116064644,/Real-Zaragoza,segunda
2,/Cartagena,13.886609161291465,17.279254218169836,68.8341366205387,/Sporting-Gijon,segunda
2,/Girona-Fc,50.909796337382154,30.269417460930768,18.820786201687078,/Ud-Logrones,segunda
2,/Espanyol,42.373058354978674,27.579864182852752,30.04707746216857,/Mallorca,segunda
2,/Cd-Castellon,12.796416329919236,29.5494172905198,57.65416637956097,/Malaga,segunda
2,/Ud-Palmas,37.287914119641876,33.38777492664519,29.324310953712928,/Fuenlabrada,segunda
2,/Lugo,21.269225483481478,32.13873317464253,46.59204134187599,/Leganes,segunda
2,/Mirandes,36.391592354565354,26.38774023205313,37.22066741338151,/Real-Oviedo,segunda
2,/Rayo-Vallecano,54.14802004462504,28.786382608341967,17.06559734703299,/Sabadell,segunda
3,/Fuenlabrada,44.567360629678056,31.448672986637,23.98396638368494,/Albacete,segunda
3,/Leganes,85.2000006824513,10.333509349098565,4.4664899684501265,/Cartagena,segunda
3,/Ud-Logrones,59.62965791193279,25.929086425625623,14.441255662441588,/Cd-Castellon,segunda
3,/Lugo,27.13458315293243,27.43357907671482,45.43183777035276,/Almeria,segunda
3,/Malaga,43.43846415652939,33.415731514882616,23.145804328587992,/Ad-Alcorcon,segunda
3,/Mallorca,56.4984231590812,29.593792451117707,13.907784389801092,/Sabadell,segunda
3,/Ponferradina-Sd,37.22171231187008,27.23157274885248,35.546714939277436,/Rayo-Vallecano,segunda
3,/Real-Oviedo,40.51273705974193,27.74047640386775,31.746786536390324,/Espanyol,segunda
3,/Real-Zaragoza,42.097441581785134,25.796689374997005,32.10586904321786,/Ud-Palmas,segunda
3,/Sporting-Gijon,41.92319772575803,31.50379579579535,26.573006478446615,/Girona-Fc,segunda
3,/Tenerife,50.40945240138937,25.922665295831692,23.66788230277893,/Mirandes,segunda
4,/Albacete,34.9109150383113,30.03988455528244,35.04920040640626,/Real-Oviedo,segunda
4,/Ad-Alcorcon,52.99033732689749,22.031744702355404,24.97791797074711,/Real-Zaragoza,segunda
4,/Almeria,43.66240333105026,29.611328022768447,26.726268646181296,/Sporting-Gijon,segunda
4,/Cartagena,25.279765605109766,20.430671864661054,54.28956253022918,/Lugo,segunda
4,/Cd-Castellon,9.784848998803234,24.22723229237319,65.98791870882357,/Leganes,segunda
4,/Girona-Fc,41.894288239873575,32.66459708843018,25.44111467169624,/Fuenlabrada,segunda
4,/Ud-Palmas,46.06304965428983,31.78082804933096,22.15612229637921,/Ud-Logrones,segunda
4,/Mallorca,43.686470792332784,30.392513006809928,25.921016200857284,/Tenerife,segunda
4,/Mirandes,46.203929257593764,25.40671854158923,28.389352200817008,/Ponferradina-Sd,segunda
4,/Rayo-Vallecano,31.139241233670532,34.281332881529394,34.579425884800074,/Malaga,segunda
4,/Sabadell,22.298829484223134,31.807887873512037,45.89328264226483,/Espanyol,segunda
5,/Espanyol,46.923858824020115,25.326732141915798,27.749409034064087,/Ad-Alcorcon,segunda
5,/Fuenlabrada,68.71885155854123,21.569205273670775,9.711943167787984,/Cd-Castellon,segunda
5,/Leganes,46.57808990542666,33.772831668069806,19.64907842650353,/Girona-Fc,segunda
5,/Ud-Logrones,25.232757026906533,30.582172858548244,44.18507011454522,/Almeria,segunda
5,/Lugo,30.05498062401577,28.685012547223305,41.26000682876092,/Mallorca,segunda
5,/Malaga,43.302671584911906,36.47406406844936,20.223264346638736,/Ud-Palmas,segunda
5,/Ponferradina-Sd,71.58354640797447,15.56384561368122,12.85260797834431,/Cartagena,segunda
5,/Real-Oviedo,37.02858087468381,31.097833600263286,31.873585525052906,/Sporting-Gijon,segunda
5,/Real-Zaragoza,46.46831425540513,24.70814078774662,28.823544956848245,/Albacete,segunda
5,/Sabadell,30.024804930772177,31.436850850889066,38.53834421833876,/Mirandes,segunda
5,/Tenerife,44.868918766402906,28.053499976503637,27.077581257093453,/Rayo-Vallecano,segunda
6,/Albacete,47.525949727150696,33.3364848812418,19.137565391607502,/Sabadell,segunda
6,/Ad-Alcorcon,52.736683851661304,25.266172523651754,21.99714362468694,/Ponferradina-Sd,segunda
6,/Cartagena,18.093531082958627,20.40751268581403,61.49895623122734,/Fuenlabrada,segunda
6,/Cd-Castellon,22.36383521294604,26.483256889599772,51.15290789745419,/Lugo,segunda
6,/Girona-Fc,42.63206246304283,30.085249238488572,27.282688298468607,/Real-Oviedo,segunda
6,/Ud-Palmas,32.200384681020076,29.966287100255208,37.833328218724716,/Almeria,segunda
6,/Ud-Logrones,19.660888301227416,35.99879711049207,44.34031458828051,/Leganes,segunda
6,/Mirandes,33.39750992196046,26.30347450452929,40.299015573510246,/Mallorca,segunda
6,/Rayo-Vallecano,38.70170349955233,25.819824644596395,35.47847185585127,/Espanyol,segunda
6,/Real-Zaragoza,30.305036428825684,31.095142074611093,38.59982149656322,/Malaga,segunda
6,/Sporting-Gijon,43.476220384346675,31.69610363163786,24.827675984015464,/Tenerife,segunda
7,/Almeria,86.61095320381193,8.501575637243231,4.887471158944834,/Cartagena,segunda
7,/Espanyol,56.55069935188577,22.11932874814172,21.32997189997251,/Mirandes,segunda
7,/Fuenlabrada,46.304159086890735,33.12352358114061,20.572317331968648,/Ud-Logrones,segunda
7,/Ud-Palmas,68.97595195653994,20.7163918375321,10.307656205927962,/Cd-Castellon,segunda
7,/Leganes,60.32557280384777,24.164433988733986,15.509993207418237,/Real-Zaragoza,segunda
7,/Lugo,30.765695471501882,29.72554014689933,39.50876438159878,/Girona-Fc,segunda
7,/Malaga,37.13434419451828,38.33378765819913,24.531868147282587,/Sporting-Gijon,segunda
7,/Mallorca,51.17219848622744,27.614992007596484,21.21280950617608,/Albacete,segunda
7,/Ponferradina-Sd,32.99597108816262,30.926389897389267,36.07763901444812,/Tenerife,segunda
7,/Real-Oviedo,46.38807421524244,26.593208264364996,27.018717520392556,/Rayo-Vallecano,segunda
7,/Sabadell,23.964881277728768,32.24248349723708,43.79263522503415,/Ad-Alcorcon,segunda
8,/Albacete,38.99737147394838,27.67696754678049,33.325660979271134,/Rayo-Vallecano,segunda
8,/Ad-Alcorcon,39.96858871715182,27.742446585008445,32.28896469783974,/Mallorca,segunda
